7.163953319274864173e-03
7.308066502778745067e-03
7.389525702735251153e-03
7.717316389645349078e-03
7.810662644991058293e-03
8.005685214555727583e-03
8.069141475445721148e-03
7.978630320733974546e-03
8.371790734454015448e-03
8.570001439254029685e-03
8.384725725049486586e-03
8.273655038851550000e-03
8.251141621366114842e-03
8.490019147896751828e-03
8.263411523346362794e-03
8.509768402497378328e-03
8.449086155215633498e-03
8.612844503264367388e-03
8.929365560037283781e-03
9.225849881561821314e-03
9.164531996340397405e-03
9.333254768347376204e-03
9.356965064198499021e-03
9.394231031098708093e-03
9.403275456782378416e-03
9.611488180300897105e-03
9.514818067141876667e-03
9.760327094877639664e-03
9.979588728601149206e-03
1.004644604070393035e-02
9.858884881854580728e-03
1.007169283404690634e-02
1.033311882816045219e-02
1.022558504523858429e-02
1.048299114763638976e-02
1.036674507260475914e-02
1.099311860748331676e-02
1.154579200640970700e-02
1.155439547421268850e-02
1.175487395778515229e-02
1.192424709636517866e-02
1.216195714249056550e-02
1.208802228727577817e-02
1.166733360060424017e-02
1.130254434541150266e-02
1.141785696311936431e-02
1.148156186620085534e-02
1.145871756095383220e-02
1.186083774047297888e-02
1.237244660462090938e-02
1.278938312455789490e-02
1.335742831949522300e-02
1.367318307199303848e-02
1.372632917463611872e-02
1.397182670495829976e-02
1.386056169148344036e-02
1.381086607269444051e-02
1.307235917098379004e-02
1.346353999805160843e-02
1.311513784700086421e-02
1.325343098844969716e-02
1.312421456440724873e-02
1.329597458464163925e-02
1.368505584149340426e-02
1.406416855892091144e-02
1.433301181129166199e-02
1.460711905602818557e-02
1.493814709653907939e-02
1.521177580036506792e-02
1.506605540767934001e-02
1.514368849550248863e-02
1.527483465120641100e-02
1.526546885420284987e-02
1.499232452303566991e-02
1.468893079988785322e-02
1.468200410448300582e-02
1.473767109816297681e-02
1.504732513005465309e-02
1.507432254102473307e-02
1.533320141347991813e-02
1.593538865848019917e-02
1.647254309653448101e-02
1.663755296318459795e-02
1.679553206870052287e-02
1.699110422407219476e-02
1.671447966128482981e-02
1.683135670474164569e-02
1.643920819986735560e-02
1.653540311551700628e-02
1.635483801311289967e-02
1.634358792885699449e-02
1.653944185678502682e-02
1.669477290523990395e-02
1.722180054021706791e-02
1.754677796270639328e-02
1.807035695616603793e-02
1.817028850369228204e-02
1.842867147768149569e-02
1.809890602021570205e-02
1.850776460335259652e-02
1.795412906938654088e-02
1.791189572656129783e-02
1.743354654575553914e-02
1.746249711512785907e-02
1.736302660412910107e-02
1.726133921363423238e-02
1.747611540360725566e-02
1.757332655892335227e-02
1.798144390665079931e-02
1.869237744340216875e-02
1.896423489661730119e-02
1.911700027541112304e-02
1.929710749814915471e-02
1.913707218241002608e-02
1.915793629851279822e-02
1.874396206772311474e-02
1.856479842686357962e-02
1.798087183916567688e-02
1.797661698385394358e-02
1.782903201514799557e-02
1.774100037822500323e-02
1.814884263405969894e-02
1.825732747246709697e-02
1.891000429859683932e-02
1.935710040938822679e-02
1.938738719533345325e-02
1.952512755755451967e-02
1.954658383642777358e-02
1.948367371702386733e-02
1.936956076356825124e-02
1.896305047182523726e-02
1.892205192898534921e-02
1.909853990869642831e-02
1.917839690362491828e-02
1.911660886784948693e-02
1.905793612995477365e-02
1.913932582323174536e-02
1.941479920585298738e-02
1.947696006252988554e-02
1.954660604222392337e-02
1.978081895140605673e-02
1.955304887567580266e-02
2.007836974294914187e-02
1.973343534928018519e-02
2.008535220688493356e-02
1.992896364285975941e-02
2.010639547266001442e-02
1.974611787939047763e-02
1.951758472077005577e-02
1.968498011972217437e-02
1.961122287028286074e-02
1.960003945865262942e-02
1.953446288859422147e-02
1.993807584711224795e-02
1.996934757113090139e-02
2.005673017707670230e-02
2.017172136092318380e-02
1.997097895966288422e-02
1.986337639619384365e-02
1.967089037300132071e-02
1.947795431960273188e-02
1.933129439009697789e-02
1.943163074923640737e-02
1.935011782273623332e-02
1.945926571539314393e-02
1.970627483602028704e-02
1.960723955916492470e-02
2.002739303457606868e-02
1.984446308967623834e-02
1.992130470362944716e-02
1.965086957476949725e-02
1.982870856673845869e-02
1.992688638755622452e-02
1.981461309652588279e-02
1.982105488242063424e-02
1.980497100567389299e-02
1.974215772771436422e-02
1.993457713017358218e-02
1.994525520101836022e-02
1.962028550338965061e-02
1.946383224856553656e-02
1.978593740843025139e-02
1.973438306815797003e-02
1.971336776682036662e-02
1.972472575832657712e-02
2.024372558157698510e-02
2.038759144793036993e-02
2.054409287623657626e-02
2.054924753913065297e-02
2.065172084036551517e-02
2.063568577913844904e-02
2.065124515745303882e-02
2.064657460934924554e-02
2.051921316754350480e-02
2.067712045836331627e-02
2.067062494352367788e-02
2.057051878872635103e-02
2.051966016911514409e-02
2.022686847497229268e-02
2.030511566014071845e-02
2.078166670796550639e-02
2.071679801117875738e-02
2.094506884079996509e-02
2.117404553517732504e-02
2.133469596973479668e-02
2.136266847375052624e-02
2.158666377179045692e-02
2.171070554831702748e-02
2.154867987966634091e-02
2.128403471791180668e-02
2.111339155051129499e-02
2.086045322890021578e-02
2.084549686180429615e-02
2.084801889434755723e-02
2.074822087114269048e-02
2.129461513924805691e-02
2.156909300748608219e-02
2.170373311761589902e-02
2.196295134471796737e-02
2.181539843552480346e-02
2.185104200099177024e-02
2.188079885405291511e-02
2.200242215756925343e-02
2.175927463839974138e-02
2.204386243347639801e-02
2.213650540642132444e-02
2.216157544256882467e-02
2.200075491648381676e-02
2.221163750679481727e-02
2.279691325172008773e-02
2.288509441620799334e-02
2.265573207256613500e-02
2.281992079630877288e-02
2.313921533521129392e-02
2.316287444707377727e-02
2.314492143746316871e-02
2.332831253394020490e-02
2.347705318828325824e-02
2.374484927664030631e-02
2.356001765422408023e-02
2.342561327722347472e-02
2.346571488927278945e-02
2.361788963787415929e-02
2.369018506626718867e-02
2.402651026289652839e-02
2.433044851176463866e-02
2.465885918892426337e-02
2.508006502292744674e-02
2.480047275340190732e-02
2.516268339463062498e-02
2.516827912091117864e-02
2.540387609716377934e-02
2.500309205068130397e-02
2.489014148427147813e-02
2.487970959648759875e-02
2.498120891777501698e-02
2.479106802425409470e-02
2.501088771902168148e-02
2.524823539529939473e-02
2.563141560916640943e-02
2.585525543344825358e-02
2.577412787417755063e-02
2.590759551266843402e-02
2.606272886742033723e-02
2.626557413820624839e-02
2.641765641844118911e-02
2.610338131177554130e-02
2.616303043983779497e-02
2.666897926557646598e-02
2.665619111856416118e-02
2.636231634342797378e-02
2.628788196258205478e-02
2.673235649697236135e-02
2.677139713726415376e-02
2.649748464497730938e-02
2.667187949753513018e-02
2.669275225947503188e-02
2.687907316856930767e-02
2.705241241157037985e-02
2.737975527453615290e-02
2.750393086817055910e-02
2.780720733899873578e-02
2.782818476177084319e-02
2.776298545866037054e-02
2.800226798658259769e-02
2.806758032599037528e-02
2.822373636535562350e-02
2.821354467739694769e-02
2.830283022709862914e-02
2.791427307726470491e-02
2.821174825456914184e-02
2.797913547598249173e-02
2.818947223431377339e-02
2.816233367620872563e-02
2.845145952926747199e-02
2.838113994208595753e-02
2.845985442960161441e-02
2.858533447909975336e-02
2.908733184950349979e-02
2.895902707587587332e-02
2.899751369219941491e-02
2.924743201932269304e-02
2.925247524604160723e-02
2.896305452147441770e-02
2.851055558226646761e-02
2.840558342645315565e-02
2.857744445848613840e-02
2.876493974947814253e-02
2.889379994207637997e-02
2.899081026449090367e-02
2.891169709650009620e-02
2.934979808614493479e-02
2.930961924077709127e-02
2.920124547559304479e-02
2.924507612272124468e-02
2.933359513578110561e-02
2.913696005446399576e-02
2.871087946963622392e-02
2.851784325337421155e-02
2.844600634578621501e-02
2.853817128067832193e-02
2.872343909583524590e-02
2.895595032588023712e-02
2.913298347871787902e-02
2.913724800325441858e-02
2.922491382859591924e-02
2.924010135896452575e-02
2.922941420080192240e-02
2.946064819920781244e-02
2.964029827491293859e-02
2.950297085273311318e-02
2.929271585836106320e-02
2.881842456455989410e-02
2.860042118106926115e-02
2.818075888204254684e-02
2.830982205570011651e-02
2.820892688675584459e-02
2.876383481335808429e-02
2.888198212788051222e-02
2.889595175271734637e-02
2.923056086772531093e-02
2.962176930916496018e-02
3.005378667486047553e-02
3.007979937551005442e-02
2.991310935095706572e-02
2.940628599427355314e-02
2.889471154692373200e-02
2.848806878800236655e-02
2.797891112395253441e-02
2.775621737282990206e-02
2.815260356531849514e-02
2.820673571238103625e-02
2.853789591496834824e-02
2.869604150978600360e-02
2.865334857989723996e-02
2.902825034728185108e-02
2.903814148737637532e-02
2.910981283812570999e-02
2.901757892570711733e-02
2.896054821186819228e-02
2.847840755946844452e-02
2.824357099487694034e-02
2.767025197874340564e-02
2.781399842243909709e-02
2.788564269518130009e-02
2.805950476862877768e-02
2.811662029029518561e-02
2.779095344711448798e-02
2.792928705604117226e-02
2.828634577065494704e-02
2.860757548806676376e-02
2.851148939196617230e-02
2.876798969105700404e-02
2.882818277851257466e-02
2.865010291597568093e-02
2.790978123501940827e-02
2.771885511787043621e-02
2.745222761598034925e-02
2.753821423649045752e-02
2.789623505044083740e-02
2.777806392767142099e-02
2.800895358586323602e-02
2.815345946433537097e-02
2.854636986467326554e-02
2.863708870182538752e-02
2.897533816153798417e-02
2.916012876073329624e-02
2.904000218338264466e-02
2.864242047521299919e-02
2.822678939030249037e-02
2.800600194348214569e-02
2.803611349487373713e-02
2.790870947743620545e-02
2.816009508398773301e-02
2.838860301255629812e-02
2.830475769119134358e-02
2.822108908522762832e-02
2.822869792000157196e-02
2.872274490888997514e-02
2.916522006975124162e-02
2.931425688909231747e-02
2.945355809804397693e-02
2.936154031804752429e-02
2.899206217953254061e-02
2.876106215332242810e-02
2.872457687312758579e-02
2.848780418380484139e-02
2.845481307187688533e-02
2.846675805588074273e-02
2.852277168985728473e-02
2.809114392150019110e-02
2.830309415184699071e-02
2.865554183286113735e-02
2.915248441787686093e-02
2.936933397575503674e-02
2.986530608167631620e-02
2.961740811624923378e-02
2.936657114104047200e-02
2.890304621142091371e-02
2.883458227690990569e-02
2.923212258128105034e-02
2.940479721384508735e-02
2.958492945964207727e-02
2.958104081521299028e-02
2.935756315670635941e-02
2.941624109788049807e-02
2.954664215891880316e-02
2.958234850868670177e-02
3.015938227105505881e-02
3.025421778441551857e-02
3.021305780336225669e-02
2.979311979945795802e-02
2.982714696305117930e-02
3.007717716799210642e-02
3.048177404518849498e-02
3.073859550594305184e-02
3.088626522550395881e-02
3.100240842078594988e-02
3.076441811202865195e-02
3.037505804765367259e-02
2.989461267723023466e-02
3.047411820377502953e-02
3.102272827609638128e-02
3.130304998337513772e-02
3.136409883672115761e-02
3.118350938576647247e-02
3.096092311401240499e-02
3.129753929027150744e-02
3.134884125748707562e-02
3.162695654969369802e-02
3.175063067780510562e-02
3.180266401320878955e-02
3.149624434319332061e-02
3.088588969248898947e-02
3.066640103959718602e-02
3.114473799187405037e-02
3.168149832518303566e-02
3.196657194815910596e-02
3.213610251740378621e-02
3.181003843314509499e-02
3.173585586398378761e-02
3.167968873662799223e-02
3.159277505048783269e-02
3.212636613075055270e-02
3.239023559409024561e-02
3.251990776134215666e-02
3.217659168698432798e-02
3.148277769702487183e-02
3.127170572443815910e-02
3.133261444049797312e-02
3.173841206421452316e-02
3.200979960239623556e-02
3.208360241595631379e-02
3.216867819198041684e-02
3.196733757584126895e-02
3.164966098040651599e-02
3.198824808258299290e-02
3.276898030193527850e-02
3.336752381059563538e-02
3.314024010325169328e-02
3.300499965779520734e-02
3.228155058224749241e-02
3.201205529763574004e-02
3.180197105734698659e-02
3.220326488112061625e-02
3.253412157059518833e-02
3.272381490461741260e-02
3.254372282462818927e-02
3.214170207109071087e-02
3.208666258254276593e-02
3.218925199494366424e-02
3.262915293180608522e-02
3.320081175224671305e-02
3.343738323408294855e-02
3.321743846038920089e-02
3.268085428945206872e-02
3.240070986004530557e-02
3.186215077181638045e-02
3.220277810711176525e-02
3.279529174468748948e-02
