5.516460522041523940e-17
1.289656474813211586e-13
4.460660387314719944e-11
5.416745081590220749e-09
3.050297252335678338e-07
9.091917656423354507e-06
1.536795890793911325e-04
1.520413188234575469e-03
8.827519288309181034e-03
2.929977894517420134e-02
5.275846683428554035e-02
5.247318827795627305e-02
5.249165777170024944e-02
6.641734932087231535e-02
4.786865780211546628e-02
5.265741585960321408e-02
6.071282020229517434e-02
6.109094790416923909e-02
5.779459591294951182e-02
6.533168289700248821e-02
5.854534577522810257e-02
5.533378908562856802e-02
5.001714871529790857e-02
5.801543844485935325e-02
5.189407351361949305e-02
4.886776282394487969e-02
5.078561078585758226e-02
4.571836702686328524e-02
3.770311951817809093e-02
2.041219520439980714e-02
1.434724230330043475e-02
1.661813098856130752e-02
1.641926446774397835e-02
1.311373179368153195e-02
1.122740485366478802e-02
-5.371560285489455043e-03
-1.169291430000119966e-03
5.148467601090548317e-03
2.781863051547227078e-04
1.527101902094543315e-02
1.938722344383844373e-02
1.293908126988055005e-02
1.678794069169696826e-02
9.805705063653533463e-03
3.656834160652306862e-03
3.767490963484517396e-04
6.196398187069151499e-03
1.044399893799524519e-02
1.950985401385871634e-02
2.630598839421011137e-02
3.320441896920427183e-02
2.950242635682239281e-02
3.349972208812202618e-02
3.966518243718693965e-02
4.451202783112505335e-02
4.096058365914063970e-02
3.925049941906553347e-02
3.423295890633756833e-02
2.229463597666249061e-02
2.147029202102667886e-02
3.733210023158951840e-02
3.721626599968637372e-02
4.002642196053549095e-02
5.454515359614059422e-02
4.693536427849712839e-02
4.394034795205121330e-02
4.338353882752319507e-02
3.233015541025292816e-02
2.646881128406886052e-02
2.771797956427533502e-02
2.974245438383922926e-02
2.523662992804746527e-02
1.911560181447574669e-02
1.268302864529327091e-02
8.614000154073774701e-03
1.139692644241764759e-02
1.586316105952700894e-02
1.523336945216095459e-02
8.176776985265176920e-03
1.062942228013999575e-02
-1.651699642095222657e-03
-7.128093918720027414e-03
-1.084672030627701136e-02
-3.287244457320821767e-03
-1.081932851271327940e-02
-1.479992751896646447e-02
-7.101166451607104912e-03
-4.606005276682382556e-03
-1.855502075732699471e-02
-7.131483775404030140e-03
-9.097265355390275364e-04
4.942151778093747082e-03
1.549143263365660578e-02
2.320515379276224047e-02
2.263152551526523629e-02
1.309329273427835977e-02
1.588364593392722207e-02
1.483517164450506853e-02
1.900376906838284474e-02
2.732690042481422665e-02
3.190992151993352760e-02
3.274952805911902215e-02
3.732487568284052065e-02
4.054748381553963110e-02
4.215348773595721521e-02
4.627350919250695915e-02
4.049751385240875357e-02
4.058558965616546055e-02
3.161804816458823469e-02
2.139517745960652084e-02
1.603470700585947137e-02
-3.272162824333111220e-03
-3.635162415012396135e-04
4.477446730159480998e-03
-8.936762412947859505e-04
7.603257343831745611e-04
4.509769384092069192e-03
-1.010827141670624617e-02
-1.906134613295917130e-02
-2.425346166189661784e-02
-2.286271214424384288e-02
-2.968412769438304871e-02
-3.003761598518319906e-02
-3.208765455275058159e-02
-3.528367484410015187e-02
-3.462460108629680094e-02
-3.026197136061726384e-02
-2.417970584074935828e-02
-2.203596747152084326e-02
-1.098443346784729741e-02
-3.146561777980426584e-03
1.243384718639724057e-03
-4.132278841428087442e-03
6.234185113597371470e-04
4.389537524071368546e-03
3.050470442732168205e-03
1.458524853801710514e-02
1.946102909427490160e-02
1.739246295750106891e-02
1.521097769404046104e-02
1.448509085656715656e-02
1.187920773534248582e-02
2.560724799132867505e-02
2.456095549687998050e-02
2.736206446534474035e-02
2.116860607442224915e-02
2.245933738438766689e-02
1.190147625502370465e-02
2.223016898676692492e-03
-3.388600176160894758e-03
-1.132946625127552974e-02
-1.587394626903703559e-02
-1.718985569893580201e-02
-1.354221046567881739e-02
-2.318016008394414504e-02
-2.559502741470948139e-02
-2.335400429905976072e-02
-2.241771844009059905e-02
-2.569772979641061356e-02
-2.642861252873313777e-02
-2.213396766894370690e-02
-4.027709576240308398e-02
-5.026882528887892387e-02
-4.248636418486770316e-02
-4.466217165394603672e-02
-4.002163324921990950e-02
-3.085785222617973625e-02
-2.622674114065032605e-02
-2.101300757060820673e-02
-1.769943252916802989e-02
-1.648276229311381944e-02
-1.719886576012131033e-02
-1.767333562611999448e-02
-1.626826936499492504e-02
-1.586805831091120736e-02
-7.450656476991755067e-03
-1.358011824011000346e-02
-1.300375981107924558e-02
-1.562850880094911882e-02
-7.105588717559487878e-03
-7.697986738412005347e-04
3.728763883301487898e-03
1.700164512561162236e-03
4.388529342793975017e-03
-1.684225237221124386e-03
-9.316510674546123888e-03
-3.012033567223687189e-03
-6.963314453950261891e-03
-1.426878565541334076e-02
-8.210521379751183763e-03
-1.136798746514007877e-02
-2.184111414455061281e-02
-2.270395571525215400e-02
-2.259713499126796490e-02
-2.600839167994616757e-02
-2.703524365649043193e-02
-2.277781946864870094e-02
-2.021591776296180823e-02
-2.589113353368904108e-02
-3.349750278527307418e-02
-4.132840197978673163e-02
-4.480400798428167686e-02
-4.788947388581016318e-02
-4.574128138977574115e-02
-4.691349819307423508e-02
-5.306861481719415963e-02
-4.904464583348568107e-02
-4.589277795284260608e-02
-4.161206831900681608e-02
-4.024285547482724101e-02
-3.153628334083332513e-02
-3.507070510077369557e-02
-3.028134073048304939e-02
-3.046773061507917699e-02
-3.893995995875292049e-02
-4.033580509312357371e-02
-3.357301499282765167e-02
-3.375599902270325775e-02
-2.293698716375907817e-02
-1.263666514165590060e-02
-8.469640983243110696e-03
-8.310867074683456895e-03
-6.097403168944247852e-03
-3.921587625054114186e-03
-5.055009502624895762e-03
-5.422083946837536611e-03
-3.680846743941919123e-03
-9.082643541049947519e-03
-1.635549853564826836e-02
-1.878723935827157979e-02
-1.821293958358922993e-02
-1.755302777706600759e-02
-2.039495650439467414e-02
-1.798966502614803009e-02
-1.893715293538297470e-02
-2.705563433950186267e-02
-2.894249764955940038e-02
-3.354683455609203113e-02
-4.940428870461930494e-02
-4.533830594469986930e-02
-4.698445566502038734e-02
-4.980939381711589620e-02
-5.240433680770412161e-02
-5.843997157200345877e-02
-6.416729466657536407e-02
-5.736103357760162502e-02
-5.625098105330051529e-02
-5.414481618807731600e-02
-4.824120337703752953e-02
-4.080817298671162580e-02
-4.210037726420966242e-02
-4.297970855711213956e-02
-4.043476699101872240e-02
-3.872700083641688468e-02
-3.579610703645371567e-02
-3.509566537457447372e-02
-2.806896841939399492e-02
-2.380142515781711113e-02
-2.263360059050526646e-02
-1.916389155030532448e-02
-1.130867852048092308e-02
-1.009756028706136448e-02
-5.744582113679267202e-03
6.765430445281067455e-03
-1.012209106337923735e-03
-7.018826862328681263e-03
-1.215859010032918977e-02
-1.695365732650692958e-02
-2.026287155282207458e-02
-1.981677355652011058e-02
-1.967911594620660315e-02
-2.251831486272624916e-02
-2.128468818179696243e-02
-2.216218161414768018e-02
-2.281003679821912156e-02
-2.871633968252720187e-02
-3.354280592349268703e-02
-3.616381305461770918e-02
-3.702726568488479142e-02
-4.294332663032935510e-02
-4.942901113924925288e-02
-5.370076973445448570e-02
-5.607083902402855424e-02
-5.164439222544554842e-02
-4.720314265864059000e-02
-4.787109649193217048e-02
-3.854072953197607010e-02
-3.624369723789329367e-02
-4.533031223339882565e-02
-4.046777075208704555e-02
-3.718415091290625668e-02
-3.732516297595518673e-02
-3.281088364637553545e-02
-2.878363815792681427e-02
-3.204185256518978647e-02
-3.099457076059428801e-02
-2.276035421732426969e-02
-2.368240102555355456e-02
-2.303208874043707888e-02
-1.654291042125495201e-02
-7.382947976817201725e-03
-6.191369894087426877e-03
-2.832065168173507168e-03
-7.137456976532431663e-03
-7.307111381610275312e-03
-9.331794829693621993e-03
-1.194855826589681994e-02
-7.094900468404555932e-03
-1.214066256591321905e-02
-1.552632781976230961e-02
-1.241833319071054820e-02
-1.642847719682090021e-02
-1.694848136976416508e-02
-8.493982850751147229e-03
-1.354746142310997090e-02
-1.174448847493144571e-02
-1.108717259115479109e-02
-2.121758902858968121e-02
-2.604128306229884504e-02
-3.006688478177605914e-02
-3.523030856991754556e-02
-4.041229731492083921e-02
-3.412439380878454220e-02
-3.238639709847798698e-02
-3.364586324808196971e-02
-3.227837753137115240e-02
-2.995809601674414430e-02
-3.356449101045681088e-02
-3.080493536973327035e-02
-2.690066638106279259e-02
-2.672292483172992311e-02
-3.027714985704581946e-02
-3.597170361867581267e-02
-3.064437437689597130e-02
-2.672245464552167049e-02
-2.787112622596687322e-02
-2.092722789684739113e-02
-1.239825296612520784e-02
-1.122181326982896014e-02
-2.007452512433050267e-03
-1.747329579117282497e-03
-2.084207781574743974e-03
-3.233800363760720329e-04
2.409116455008448229e-03
4.630947977158377492e-03
6.877971468428556445e-03
7.856717838402065696e-03
4.846495653066383233e-03
3.190245318883605692e-03
4.434045689422068219e-03
3.841606773077192553e-03
6.610128757547912258e-03
1.068050837362236744e-02
8.273976661885180939e-03
3.427692112795903238e-03
2.484246885638913618e-03
-7.188802145604131395e-04
-5.743691859786881869e-03
-1.032667008993220191e-02
-1.527156377119428740e-02
-1.501928619030946238e-02
-2.084736921618122671e-02
-2.500641963379441821e-02
-2.322597558055067984e-02
-2.498351786226809049e-02
-2.669343795113367224e-02
-1.713845234538326906e-02
-1.513479187287300291e-02
-1.635662969597134059e-02
-1.806841588112025401e-02
-1.744983219021745829e-02
-2.379462867286351660e-02
-2.075635632294134392e-02
-1.718472597049916853e-02
-1.359202865137334321e-02
-9.039999669357630038e-03
-4.092132645688216497e-03
3.526265282716178374e-03
8.092410061925681131e-03
1.107977105503980299e-02
1.580722620876968618e-02
2.017868594801441873e-02
2.065443353076778718e-02
2.256016756531337153e-02
2.121428342857657051e-02
1.588538234635914620e-02
1.793825013053712905e-02
1.812008948786809209e-02
1.877512572009768996e-02
2.669877943577137272e-02
2.587062096574807568e-02
2.312480978956667904e-02
2.009958026135203260e-02
2.026546359535030817e-02
1.452746410079395686e-02
1.171554763917347260e-02
1.153796380701925355e-02
7.070676026356332612e-03
3.200505662793821644e-04
1.356686959263207889e-03
-3.352559922774188406e-03
-6.775628047486455426e-03
-6.419392206822614050e-03
-4.498325706056762602e-03
-4.163203556304492792e-03
-2.101046583023346258e-03
-7.401549310960233363e-04
6.139686537854342112e-04
-3.721724153280561893e-03
-4.179836691932323212e-03
6.063147237153583080e-04
2.009338696746613365e-03
3.337123806036959833e-03
3.353737043113645764e-03
3.244614854906259765e-03
6.749267225604905183e-03
1.128676008701902898e-02
1.602531191974221683e-02
2.050891745369590180e-02
2.826921579327944939e-02
3.053075677694210704e-02
2.962986638871778836e-02
3.023090095109431941e-02
3.108949450227654898e-02
2.499097723881882685e-02
2.696719327116860188e-02
2.926275030799005417e-02
2.855230105672705229e-02
3.116949934484807352e-02
3.244525866151576343e-02
3.340537959569496451e-02
3.110355633908079565e-02
3.511485563281557115e-02
3.588195402098311865e-02
3.645154216677629760e-02
2.708218147031804870e-02
2.516511957728106985e-02
2.049775445566874923e-02
1.382660675295151881e-02
1.599824639423575584e-02
1.684778676007666134e-02
1.401302637236942830e-02
1.714483076000405254e-02
1.802919236142823747e-02
1.751281340171888246e-02
1.578239765379874440e-02
1.260591263395350638e-02
1.188236049285996965e-02
1.337841855668501015e-02
1.300190944762845587e-02
1.117590769388221439e-02
9.778577780808987013e-03
8.561298837640996667e-03
1.023893588997144485e-02
1.345742558733506629e-02
1.709296331197358507e-02
2.149486963025232927e-02
2.499967969854064234e-02
2.736115140978039040e-02
2.804655004712071700e-02
3.174689620644190885e-02
3.115510317237534313e-02
3.380704953126659890e-02
3.833844269256327791e-02
3.380941140537922773e-02
3.653375460995807178e-02
4.000601832593379814e-02
3.974022306255084458e-02
3.833811638235241903e-02
4.229369523592790836e-02
4.605921972352686189e-02
4.993074406893913825e-02
4.988826073375224324e-02
4.847590015873490255e-02
4.383534666463128476e-02
3.894123837883430028e-02
3.610837706593004320e-02
3.412608641249008368e-02
3.130144590279091560e-02
2.745036085372959400e-02
2.665930963905658452e-02
2.490560377962222280e-02
2.433616245832808181e-02
2.296264875962594765e-02
2.227706275055577403e-02
2.240946282992225050e-02
2.151101341663685246e-02
1.944359217187977690e-02
1.358882390988707528e-02
1.264118048263641360e-02
9.247966103131635002e-03
8.902756515438727675e-03
1.081893434606190883e-02
1.540241880103503797e-02
1.699337304611946847e-02
2.327870669726573097e-02
2.604897740035939935e-02
2.550308398170341578e-02
2.817786621632084251e-02
3.432901394781239651e-02
