9.211774644760412425e-03
9.451859570399220867e-03
9.482108915890732556e-03
9.492421039469116362e-03
9.367615680239973000e-03
9.070834247858323984e-03
8.851433712177879734e-03
9.230453186397678117e-03
9.385859424484997368e-03
9.983923188461356346e-03
1.028038205967059249e-02
1.071979475301607782e-02
1.054236452076239700e-02
1.053063213926485123e-02
1.012967289133216188e-02
9.983898778224923470e-03
9.905178705108002093e-03
1.030339076612281704e-02
1.046045684173065385e-02
1.074989788222310491e-02
1.117416293401878556e-02
1.104700519130921536e-02
1.123638456361739264e-02
1.115849857537409145e-02
1.111766709230280897e-02
1.115460582818575581e-02
1.121043208419750595e-02
1.119659992819823160e-02
1.125928068595974212e-02
1.118153817316010733e-02
1.124448710244358753e-02
1.144355557445356393e-02
1.162768531378710786e-02
1.205904234095574526e-02
1.202568293615718931e-02
1.194674358595274218e-02
1.191669005680499188e-02
1.173993691166136562e-02
1.191420682702403790e-02
1.158622926479907847e-02
1.166824249458060445e-02
1.187308172633431622e-02
1.220809958061657222e-02
1.202734695857501923e-02
1.238345115900094454e-02
1.218204998244237607e-02
1.280087633668176329e-02
1.277112152714400886e-02
1.267560755491673949e-02
1.284260567635884739e-02
1.228307020655416623e-02
1.228367068338538648e-02
1.231061276514119028e-02
1.238693727814667474e-02
1.271687747150983955e-02
1.288835173197750567e-02
1.320747671795515638e-02
1.334438947353558738e-02
1.295091619095019297e-02
1.312204268956951476e-02
1.286038214435340950e-02
1.278478913583755427e-02
1.307072398790603412e-02
1.314053502152254423e-02
1.357258443333261323e-02
1.348120834783612075e-02
1.328582075049325462e-02
1.330081747471189950e-02
1.339380593626660759e-02
1.324018492179455421e-02
1.377830352725084237e-02
1.362575148531170767e-02
1.408310841058073824e-02
1.404739418081520086e-02
1.371724703090504080e-02
1.396403921672366259e-02
1.365032972639057540e-02
1.363953963577012665e-02
1.383289176879454879e-02
1.416270472183361884e-02
1.405397211378114040e-02
1.441160233903999999e-02
1.436909080859858148e-02
1.462857354198787534e-02
1.444701048905415626e-02
1.454213350695781476e-02
1.465847545876415581e-02
1.410418885958031332e-02
1.414139532316033288e-02
1.443959220370699681e-02
1.429520494218192682e-02
1.500527036525163560e-02
1.504901723282999967e-02
1.558887317860058186e-02
1.528955099571102476e-02
1.530483117317463226e-02
1.485217486508302528e-02
1.469344966319635973e-02
1.439771610681604697e-02
1.465621831415477375e-02
1.479536603599247713e-02
1.553901885157524254e-02
1.554640404789254388e-02
1.575465390798598195e-02
1.565343517903818732e-02
1.567246412430526106e-02
1.516893438932368811e-02
1.543281056582627292e-02
1.540391518143982043e-02
1.537848934587884506e-02
1.545572361305749473e-02
1.557060464574750933e-02
1.579750284343123951e-02
1.583798922480236099e-02
1.586394379231491347e-02
1.603441905344034704e-02
1.620872187850712701e-02
1.614416056109056752e-02
1.637234292522376719e-02
1.602110433704988582e-02
1.633690797348039125e-02
1.574901606467865589e-02
1.631755079622984606e-02
1.639510061149737977e-02
1.672496866586018968e-02
1.666616024272907226e-02
1.678066070745748081e-02
1.689583724104906648e-02
1.699535747287598403e-02
1.691227661801645438e-02
1.718782670958256265e-02
1.693870572626940407e-02
1.696894876914490161e-02
1.701833208727173211e-02
1.676673533718046893e-02
1.690655248555701651e-02
1.735806257063937999e-02
1.749694365462110129e-02
1.782978337579254821e-02
1.817929605857361228e-02
1.792953050091027414e-02
1.786217023540733265e-02
1.768625687163883145e-02
1.775365401324713321e-02
1.740018283615916983e-02
1.791989983209097206e-02
1.832189084780624228e-02
1.825971102596215742e-02
1.862893601959728085e-02
1.827926065138591252e-02
1.839880900215477497e-02
1.839289212682482591e-02
1.864824346468578128e-02
1.860124125627864514e-02
1.886879472489046139e-02
1.899836865803167241e-02
1.901068081213215522e-02
1.907650484621439477e-02
1.860377235511413707e-02
1.897243234828999148e-02
1.877231975616752355e-02
1.912669535263851125e-02
1.952349940420812849e-02
1.949119477294180766e-02
1.961815048988126836e-02
1.987249411696806120e-02
1.956841176955109035e-02
1.971410511552224715e-02
1.977771373297254262e-02
1.954272264799429906e-02
1.946496230815729367e-02
1.953659265648278673e-02
1.980714346294707578e-02
2.000195830927977217e-02
2.020056515571130515e-02
2.067308394858069845e-02
2.062349205982016639e-02
2.056117640389026544e-02
2.039208554781361815e-02
1.996920909981252101e-02
1.991901824483442718e-02
2.009217625600302759e-02
2.022933929250772533e-02
2.074125838188801974e-02
2.123680587155055838e-02
2.137631623740557374e-02
2.143701684688319176e-02
2.105955152279208320e-02
2.108582590145526015e-02
2.067501753696996888e-02
2.081848479551849998e-02
2.105771547553950129e-02
2.118146267043260339e-02
2.136778565566695848e-02
2.164078853909922120e-02
2.173706882160379023e-02
2.183405869132993768e-02
2.188396990790964641e-02
2.176349826974485063e-02
2.200151284509888755e-02
2.186342223012954084e-02
2.193083261281960142e-02
2.188624876707531003e-02
2.176131573234538208e-02
2.195734991079013182e-02
2.226954164430006156e-02
2.212218859838919333e-02
2.247866607836965583e-02
2.252855558460621979e-02
2.244029850620874247e-02
2.247405459959009311e-02
2.253602527020023491e-02
2.257664615547028478e-02
2.244212280706538859e-02
2.266659898363084999e-02
2.272693312582584058e-02
2.256861279017747385e-02
2.269583774287317265e-02
2.270107136354189772e-02
2.289784196426743190e-02
2.312433299278673915e-02
2.346258745652659086e-02
2.332198975916242173e-02
2.326267188135373171e-02
2.295638655706455644e-02
2.289607500288193612e-02
2.267007141915645604e-02
2.293763573174030859e-02
2.327483773645801571e-02
2.333731629455751411e-02
2.379436839978752924e-02
2.342042130538793399e-02
2.373489907821258946e-02
2.339990070409106102e-02
2.336161140223055183e-02
2.342285780053576794e-02
2.347055014257281441e-02
2.384547733116295504e-02
2.353602880351164314e-02
2.377218398876827093e-02
2.356871306460086093e-02
2.350558359615912210e-02
2.369940746429477496e-02
2.367065599477117741e-02
2.387750220788400352e-02
2.408736256777900889e-02
2.423890768591497810e-02
2.419387094545138658e-02
2.395906716115682802e-02
2.397184389986138989e-02
2.387816809540320787e-02
2.384128208098362442e-02
2.399742822916698520e-02
2.385240801389346132e-02
2.409325129695039092e-02
2.421218486561552141e-02
2.443405789239192286e-02
2.466632105496829527e-02
2.482048809428932107e-02
2.458321307294988531e-02
2.451369658238127316e-02
2.436517368075644813e-02
2.403749189125639618e-02
2.399860860191701736e-02
2.418066159718862407e-02
2.457854741445759245e-02
2.500535178945446219e-02
2.514947889398801151e-02
2.536909473848518101e-02
2.498526622151114873e-02
2.459691267563018924e-02
2.460552271744557984e-02
2.448061398360886626e-02
2.434144068847216708e-02
2.468579045245829218e-02
2.507649998733655836e-02
2.505688603116529301e-02
2.536981674316710067e-02
2.527761276956809119e-02
2.515999229586861688e-02
2.494380027222307949e-02
2.512308912440646552e-02
2.487644214772721102e-02
2.499860646801706915e-02
2.506727032166090538e-02
2.493273658623639671e-02
2.497215954048011277e-02
2.536581462432344058e-02
2.526680661352525767e-02
2.557225987088172087e-02
2.551562012896813406e-02
2.559372204922717026e-02
2.538226267046409315e-02
2.528145731310995833e-02
2.535473935912390883e-02
2.543702904165663636e-02
2.551100032264884410e-02
2.543850545065095420e-02
2.557510772899244597e-02
2.563150564888775837e-02
2.567248108091475800e-02
2.552133293439539860e-02
2.573513786896977282e-02
2.590118730681955847e-02
2.593554886776260754e-02
2.606105378925435354e-02
2.591131252273916677e-02
2.566361304885051223e-02
2.565667539371669845e-02
2.558354132935576619e-02
2.588801353019829984e-02
2.610110290208193101e-02
2.639817172041714760e-02
2.640156025804535345e-02
2.637130536437623865e-02
2.618146163902706006e-02
2.630128321050823059e-02
2.592232459247020143e-02
2.628283767511379113e-02
2.621580259475904395e-02
2.637406908365206443e-02
2.662119643983627826e-02
2.649165979793090958e-02
2.638100086658642235e-02
2.649599017706033566e-02
2.659030967673601392e-02
2.669099178797156025e-02
2.697533320402597731e-02
2.686748963129456658e-02
2.702433478772843858e-02
2.684137704529977742e-02
2.673924929469580908e-02
2.668659108799063470e-02
2.676737956029797902e-02
2.686950068403739372e-02
2.686902382453622631e-02
2.723233594375266964e-02
2.728918339800313203e-02
2.742701452325429362e-02
2.739543491054760929e-02
2.747971340706811816e-02
2.735729652338319759e-02
2.742293077228372816e-02
2.717333192862689956e-02
2.706727201149254636e-02
2.708094024342683898e-02
2.707435854376871731e-02
2.736395350822752245e-02
2.775464375125736433e-02
2.800784484603896854e-02
2.812284257320910377e-02
2.799995526830470136e-02
2.774384119364999707e-02
2.745436012767748374e-02
2.718877704663057865e-02
2.737804953725033602e-02
2.751717792236865398e-02
2.782641114388934717e-02
2.809212888714401890e-02
2.830256410039506260e-02
2.822136626487304484e-02
2.820146278602598394e-02
2.799688726435912642e-02
2.798220741917139751e-02
2.787587301367767598e-02
2.808540529474823355e-02
2.799353003095350970e-02
2.820954702771170941e-02
2.813300849155259131e-02
2.845967956837384960e-02
2.825784112364927714e-02
2.878910252648751722e-02
2.854674505135066515e-02
2.855744562400826594e-02
2.855528550334569468e-02
2.844680298900977358e-02
2.818034661059588483e-02
2.843701611896706088e-02
2.848809811973813597e-02
2.858685594368742117e-02
2.876141917224694228e-02
2.889470731085989896e-02
2.893766696499441501e-02
2.869831446626192745e-02
2.889284622113023893e-02
2.877756907364884681e-02
2.888869609676687766e-02
2.912227418715433724e-02
2.900918479447124262e-02
2.890611214990319866e-02
2.883396915038862265e-02
2.883944261002379175e-02
2.890978537779809870e-02
2.903599766836313309e-02
2.924488969661892188e-02
2.933451894707389540e-02
2.936321619678928380e-02
2.934358626230516159e-02
2.919677030055030723e-02
2.892886087339347628e-02
2.921995384515815170e-02
2.902145808217650863e-02
2.931862760878562596e-02
2.937993151492972535e-02
2.947868772826483380e-02
2.927572016199243496e-02
2.934011049125697865e-02
2.929673961174891067e-02
2.945491647795010076e-02
2.946707371231461342e-02
2.966462440595991207e-02
2.956916732740022188e-02
2.947282236318631357e-02
2.923006224979974102e-02
2.936890290069482656e-02
2.911443560668909233e-02
2.942629196259672480e-02
2.937577392305228130e-02
2.964941811119866169e-02
2.982311861193114727e-02
2.975489077182921077e-02
2.970414966660045800e-02
2.962998144713656704e-02
2.938853545494611585e-02
2.935942138611885924e-02
2.945693249563645713e-02
2.936425045972417339e-02
2.941250046016395323e-02
2.933849141959076617e-02
2.966764100657295206e-02
2.972108214740825510e-02
3.002690007868791602e-02
3.000450465047436316e-02
2.990419806908372127e-02
2.973077508869494817e-02
2.954191522986574295e-02
2.915835605694567373e-02
2.931934527917271632e-02
2.934406028483305812e-02
2.969084169013740809e-02
2.988901384071899342e-02
3.017858774107205419e-02
3.019863884072890997e-02
2.986133411067292201e-02
2.989963659714682878e-02
2.951338318541574593e-02
2.958041668485985806e-02
2.952196047073986016e-02
2.972034507114608426e-02
2.971906079542936674e-02
2.967236644560193246e-02
2.985828836243566153e-02
2.990246777115053781e-02
2.991318221240616207e-02
2.978538184878172512e-02
3.006787522266834989e-02
2.985384917443152306e-02
2.966092329911207415e-02
2.966856914736583362e-02
2.955982157379261413e-02
2.961439842954495180e-02
2.971956198501538027e-02
2.992333776871398954e-02
2.994358572397002802e-02
3.011527272032067659e-02
2.996364176420704059e-02
2.973698387386061737e-02
2.968968643826138190e-02
2.963813585960130281e-02
2.976705049562995004e-02
2.972443782040758847e-02
2.984755283215157623e-02
2.977959900388425438e-02
2.973816749243499494e-02
2.964964224829609238e-02
2.975174468354552584e-02
2.984275286860814738e-02
2.984685142397978247e-02
3.011116550181121981e-02
2.977411881702426294e-02
2.984993618655061923e-02
2.966446079917086850e-02
2.956036619813365296e-02
2.970025533193663969e-02
2.972017925805714791e-02
2.968263472163610445e-02
2.999153390780164713e-02
2.980131856129516685e-02
2.986699332902535697e-02
2.956204947304498509e-02
2.982535989675985655e-02
2.974636598582727776e-02
2.990006562145396118e-02
2.992647206070330954e-02
2.989407884914872457e-02
2.966348527828055123e-02
2.949673822584395616e-02
2.971145218067151178e-02
2.939486868307070871e-02
2.984698958303944744e-02
